MEMORY
  total            14.6 MB
  struct          159.0 KB
  buffer          471.6 KB
  arena            14.0 MB, used 0.2%

SIZES
  narena                14680064
  nbuffer               482912
  nplugin               0
  maxuse_stack          4200
  maxuse_arena          29232
  maxuse_con            0
  maxuse_efc            12
  solver_nisland        1
  ncon                  0
  ne                    0
  nf                    12
  nl                    0
  nefc                  12
  nJ                    216
  nA                    0
  nisland               0
  threadpool            0

TIMER
    0:  duration =  0          number = 0
    1:  duration =  0.75       number = 13
    2:  duration =  0          number = 0
    3:  duration =  0.48       number = 13
    4:  duration =  0.045      number = 13
    5:  duration =  0.016      number = 13
    6:  duration =  0.14       number = 13
    7:  duration =  0          number = 0
    8:  duration =  0.073      number = 13
    9:  duration =  0.053      number = 13
    10:  duration =  0.29       number = 13
    11:  duration =  0.057      number = 13
    12:  duration =  0.0018     number = 13
    13:  duration =  0.038      number = 13
    14:  duration =  0.03       number = 13

SOLVER STAT
  solver_nisland = 1
  solver_fwdinv =   0         0       
ENERGY =   0         0       

TIME =  0       

QPOS
   0       
   0       
   0.61    
   1       
   0       
   0       
   0       
   0       
   0       
   0       
   0       
   0       
   0       
   0       
   0       
   0       
   0       
   0       
   0       

QVEL
   0       
   0       
   0       
   0       
   0       
   0       
   0       
   0       
   0       
   0       
   0       
   0       
   0       
   0       
   0       
   0       
   0       
   0       

QACC_WARMSTART
  -1e-16   
   2.5e-16 
  -9.8     
  -1.2e-15 
  -7.9e-16 
   6.4e-16 
  -5e-16   
   2.1e-16 
   1.9e-16 
   1.2e-15 
   1.3e-15 
   1.3e-15 
   3.1e-16 
   2.2e-16 
   2e-16   
   1.3e-15 
   1.1e-15 
   7.6e-16 

CTRL
   0       
   0       
   0       
   0       
   0       
   0       
   0       
   0       
   0       
   0       
   0       
   0       
   0       
   0       
   0       
   0       
   0       
   0       
   0       
   0       
   0       
   0       
   0       
   0       

QFRC_APPLIED
   0       
   0       
   0       
   0       
   0       
   0       
   0       
   0       
   0       
   0       
   0       
   0       
   0       
   0       
   0       
   0       
   0       
   0       

XFRC_APPLIED
   0         0         0         0         0         0       
   0         0         0         0         0         0       
   0         0         0         0         0         0       
   0         0         0         0         0         0       
   0         0         0         0         0         0       
   0         0         0         0         0         0       
   0         0         0         0         0         0       
   0         0         0         0         0         0       
   0         0         0         0         0         0       
   0         0         0         0         0         0       
   0         0         0         0         0         0       
   0         0         0         0         0         0       
   0         0         0         0         0         0       
   0         0         0         0         0         0       

QACC
  -1e-16   
   2.5e-16 
  -9.8     
  -1.2e-15 
  -7.9e-16 
   6.4e-16 
  -5e-16   
   2.1e-16 
   1.9e-16 
   1.2e-15 
   1.3e-15 
   1.3e-15 
   3.1e-16 
   2.2e-16 
   2e-16   
   1.3e-15 
   1.1e-15 
   7.6e-16 

SENSOR
   0       
   0       
   0       
  -1e-16   
   2.5e-16 
   3.9e-17 
   0       
   0       
   0       

XPOS
   0         0         0       
   0         0         0.61    
   0         0.12      0.5     
  -0.079     0.12      0.5     
  -0.072     0.12      0.37    
  -0.072     0.12      0.29    
  -0.072     0.12      0.086   
   0.0072    0.12      0.086   
   0        -0.12      0.5     
  -0.079    -0.12      0.5     
  -0.072    -0.12      0.37    
  -0.072    -0.12      0.29    
  -0.072    -0.12      0.086   
   0.0072   -0.12      0.086   

XQUAT
   1         0         0         0       
   1         0         0         0       
   1         0         0         0       
   1         0         0         0       
   1         0         0         0       
   1         0         0         0       
   1         0         0         0       
   1         0         0         0       
   1         0         0         0       
   1         0         0         0       
   1         0         0         0       
   1         0         0         0       
   1         0         0         0       
   1         0         0         0       

XMAT
   1         0         0         0         1         0         0         0         1       
   1         0         0         0         1         0         0         0         1       
   1         0         0         0         1         0         0         0         1       
   1         0         0         0         1         0         0         0         1       
   1         0         0         0         1         0         0         0         1       
   1         0         0         0         1         0         0         0         1       
   1         0         0         0         1         0         0         0         1       
   1         0         0         0         1         0         0         0         1       
   1         0         0         0         1         0         0         0         1       
   1         0         0         0         1         0         0         0         1       
   1         0         0         0         1         0         0         0         1       
   1         0         0         0         1         0         0         0         1       
   1         0         0         0         1         0         0         0         1       
   1         0         0         0         1         0         0         0         1       

XIPOS
   0         0         0       
  -0.05      0         0.81    
  -0.018     0.12      0.5     
  -0.096     0.12      0.44    
  -0.072     0.12      0.31    
  -0.072     0.12      0.19    
  -0.053     0.12      0.086   
   0.015     0.12      0.046   
  -0.018    -0.12      0.5     
  -0.096    -0.12      0.44    
  -0.072    -0.12      0.31    
  -0.072    -0.12      0.19    
  -0.053    -0.12      0.086   
   0.015    -0.12      0.046   

XIMAT
   1         0         0         0         1         0         0         0         1       
   1         0         0         0         1         0         0         0         1       
  -0.0002   -0.0012    1         1        -4.4e-06   0.0002    4.2e-06   1         0.0012  
   0.98     -0.00094   0.19      0.001     1        -0.00028  -0.19      0.00048   0.98    
   4.2e-06  -1         0.0012    1         4.4e-06   0.0002   -0.0002    0.0012    1       
   1         0         0         0         1         0         0         0         1       
  -0.0002    0.0012    1         1         4.4e-06   0.0002   -4.2e-06   1        -0.0012  
   0.00096   0.7       0.72      1        -0.0013   -6.8e-05   0.00089   0.72     -0.7     
  -0.0002   -0.0012    1         1        -4.4e-06   0.0002    4.2e-06   1         0.0012  
   0.98     -0.00094   0.19      0.001     1        -0.00028  -0.19      0.00048   0.98    
   4.2e-06  -1         0.0012    1         4.4e-06   0.0002   -0.0002    0.0012    1       
   1         0         0         0         1         0         0         0         1       
  -0.0002    0.0012    1         1         4.4e-06   0.0002   -4.2e-06   1        -0.0012  
   0.00096   0.7       0.72      1        -0.0013   -6.8e-05   0.00089   0.72     -0.7     

XANCHOR
   0         0         0.61    
   0         0.12      0.5     
  -0.079     0.12      0.5     
  -0.072     0.12      0.37    
  -0.072     0.12      0.29    
  -0.072     0.12      0.086   
   0.0072    0.12      0.086   
   0        -0.12      0.5     
  -0.079    -0.12      0.5     
  -0.072    -0.12      0.37    
  -0.072    -0.12      0.29    
  -0.072    -0.12      0.086   
   0.0072   -0.12      0.086   

XAXIS
   0         0         1       
   0         1         0       
   1         0         0       
   0         0         1       
   0         1         0       
   0         1         0       
   1         0         0       
   0         1         0       
   1         0         0       
   0         0         1       
   0         1         0       
   0         1         0       
   1         0         0       

GEOM_XPOS
   0         0         0       
   2.5e-09   2.1e-08   0.55    
  -0.016     0.12      0.5     
  -0.096     0.12      0.44    
  -0.072     0.12      0.31    
  -0.072     0.12      0.19    
  -0.055     0.12      0.086   
   0.015     0.12      0.048   
  -0.012     0.12      0.006   
  -0.016    -0.12      0.5     
  -0.096    -0.12      0.44    
  -0.072    -0.12      0.31    
  -0.072    -0.12      0.19    
  -0.055    -0.12      0.086   
   0.015    -0.12      0.048   
  -0.012    -0.12      0.006   

GEOM_XMAT
   1         0         0         0         1         0         0         0         1       
   1         0         0         0         0        -1         0         1         0       
  -6.3e-06   0.00025   1         1         0.00029   6.3e-06  -0.00029   1        -0.00025 
   0.98      0.00036  -0.18     -0.00038   1        -7.1e-05   0.18      0.00014   0.98    
   4.3e-06  -1        -0.00027   1         4.2e-06   0.00016  -0.00016  -0.00027   1       
   1         3.2e-06   0        -3.2e-06   1        -0        -0         0         1       
   0.00015  -0.00023   1         1        -2.2e-05  -0.00016   2.2e-05   1         0.00023 
  -0.00047  -0.69      0.72      1        -0.00044   0.00023   0.00016   0.72      0.69    
   1         0         0         0         1         0         0         0         1       
   6.3e-06   0.00025   1         1        -0.00029  -6.3e-06   0.00029   1        -0.00025 
   0.98     -0.00036  -0.18      0.00038   1         7.1e-05   0.18     -0.00014   0.98    
  -4.3e-06  -1        -0.00027   1        -4.3e-06  -0.00016   0.00016  -0.00027   1       
   1         3.2e-06   0        -3.2e-06   1        -0        -0         0         1       
   0.00015  -0.00023   1         1        -2.2e-05  -0.00016   2.2e-05   1         0.00023 
  -0.00047  -0.69      0.72      1        -0.00044   0.00023   0.00016   0.72      0.69    
   1         0         0         0         1         0         0         0         1       

SITE_XPOS
  -0.05      0         0.61    
   0.05      0         0.61    
   0         0         1.1     
   0         0         0.61    
   0.057     0.12      0.003   
  -0.043     0.12      0.003   
   0.0072    0.17      0.003   
   0.057    -0.12      0.003   
  -0.043    -0.12      0.003   
   0.0072   -0.17      0.003   

SITE_XMAT
   1         0         0         0         1         0         0         0         1       
   1         0         0         0         1         0         0         0         1       
   1         0         0         0         1         0         0         0         1       
   1         0         0         0         1         0         0         0         1       
   1         0         0         0         1         0         0         0         1       
   1         0         0         0         1         0         0         0         1       
   1         0         0         0         1         0         0         0         1       
   1         0         0         0         1         0         0         0         1       
   1         0         0         0         1         0         0         0         1       
   1         0         0         0         1         0         0         0         1       

LIGHT_XPOS
   0        -6         4       
   0         0         2.6     

LIGHT_XDIR
  -0.007     0.86     -0.52    
   0         0        -1       

SUBTREE_COM
  -0.049     6.7e-06   0.39    
  -0.049     6.7e-06   0.39    
  -0.049     0.12      0.28    
  -0.056     0.12      0.23    
  -0.043     0.12      0.16    
  -0.03      0.12      0.085   
  -0.022     0.12      0.068   
   0.015     0.12      0.046   
  -0.049    -0.12      0.28    
  -0.056    -0.12      0.23    
  -0.043    -0.12      0.16    
  -0.03     -0.12      0.085   
  -0.022    -0.12      0.068   
   0.015    -0.12      0.046   

CDOF
   0         0         0         1         0         0       
   0         0         0         0         1         0       
   0         0         0         0         0         1       
   1         0         0        -0         0.22      6.7e-06 
   0         1         0        -0.22      0         0.049   
   0         0         1        -6.7e-06  -0.049     0       
   0         1         0        -0.11      0         0.049   
   1         0         0         0         0.11     -0.12    
   0         0         1         0.12      0.022    -0       
   0         1         0         0.098     0        -0.022   
   0         1         0         0.3       0        -0.022   
   1         0         0         0        -0.3      -0.12    
   0         1         0        -0.11      0         0.049   
   1         0         0        -0         0.11      0.12    
   0         0         1        -0.12      0.022     0       
   0         1         0         0.098     0        -0.022   
   0         1         0         0.3       0        -0.022   
   1         0         0         0        -0.3       0.12    

CINERT
   0         0         0         0         0         0         0         0         0         0       
   0.93      0.93      0.03     -2.3e-08   0.0014    1.4e-05  -0.0034   -3.4e-05   2.1       5.1     
   0.049     0.027     0.031    -0.0068   -0.0062   -0.023     0.058     0.22      0.2       1.9     
   0.038     0.015     0.035     0.011     0.0038   -0.011    -0.094     0.23      0.097     2       
   0.041     0.017     0.029     0.0048   -0.0033    0.017    -0.042     0.22     -0.15      1.9     
   0.038     0.029     0.01      0.0015   -0.0026    0.014    -0.013     0.068    -0.12      0.58    
   0.2       0.18      0.029     0.00088  -0.0023    0.066    -0.0076    0.22     -0.57      1.9     
   0.21      0.2       0.031    -0.012     0.035     0.062     0.099     0.18     -0.53      1.6     
   0.049     0.027     0.031     0.0068   -0.0062    0.023     0.058    -0.22      0.2       1.9     
   0.038     0.015     0.035    -0.011     0.0038    0.011    -0.094    -0.23      0.097     2       
   0.041     0.017     0.029    -0.0048   -0.0033   -0.017    -0.042    -0.22     -0.15      1.9     
   0.038     0.029     0.01     -0.0015   -0.0026   -0.014    -0.013    -0.068    -0.12      0.58    
   0.2       0.18      0.029    -0.00088  -0.0023   -0.066    -0.0076   -0.22     -0.57      1.9     
   0.21      0.2       0.031     0.012     0.035    -0.062     0.099    -0.18     -0.53      1.6     

ACTUATOR_LENGTH
   0       
   0       
   0       
   0       
   0       
   0       
   0       
   0       
   0       
   0       
   0       
   0       
   0       
   0       
   0       
   0       
   0       
   0       
   0       
   0       
   0       
   0       
   0       
   0       

actuator_moment
--------------------
       x            |
        x           |
         x          |
          x         |
           x        |
            x       |
             x      |
              x     |
               x    |
                x   |
                 x  |
                  x |
       x            |
        x           |
         x          |
          x         |
           x        |
            x       |
             x      |
              x     |
               x    |
                x   |
                 x  |
                  x |
--------------------

ACTUATOR_MOMENT
     6:  1       
     7:  1       
     8:  1       
     9:  1       
    10:  1       
    11:  1       
    12:  1       
    13:  1       
    14:  1       
    15:  1       
    16:  1       
    17:  1       
     6:  1       
     7:  1       
     8:  1       
     9:  1       
    10:  1       
    11:  1       
    12:  1       
    13:  1       
    14:  1       
    15:  1       
    16:  1       
    17:  1       

CRB
   0         0         0         0         0         0         0         0         0         0       
   2.1       1.8       0.36      3.6e-06   0.051     2.2e-05  -7.6e-17  -2.2e-16   1.3e-15   25      
   0.58      0.46      0.17     -0.0002    0.025     0.12      0.0017    1.1      -1.1       9.7     
   0.53      0.43      0.13      0.0066    0.031     0.15     -0.056     0.92     -1.3       7.9     
   0.49      0.42      0.1      -0.0044    0.027     0.16      0.037     0.68     -1.4       5.9     
   0.45      0.4       0.071    -0.0092    0.03      0.14      0.079     0.47     -1.2       4       
   0.41      0.37      0.06     -0.011     0.033     0.13      0.092     0.4      -1.1       3.4     
   0.21      0.2       0.031    -0.012     0.035     0.062     0.099     0.18     -0.53      1.6     
   0.58      0.46      0.17      0.0002    0.025    -0.12      0.0017   -1.1      -1.1       9.7     
   0.53      0.43      0.13     -0.0066    0.031    -0.15     -0.056    -0.92     -1.3       7.9     
   0.49      0.42      0.1       0.0044    0.027    -0.16      0.037    -0.68     -1.4       5.9     
   0.45      0.4       0.071     0.0092    0.03     -0.14      0.079    -0.47     -1.2       4       
   0.41      0.37      0.06      0.011     0.033    -0.13      0.092    -0.4      -1.1       3.4     
   0.21      0.2       0.031     0.012     0.035    -0.062     0.099    -0.18     -0.53      1.6     

QM
   25      
   0         25      
   0         0         25      
   0         5.4       0.00016   3.3     
  -5.4       0         1.2       1.2e-05   3.1     
  -0.00016  -1.2       0        -0.21      5.8e-05   0.42    
  -2.1       0         0.48      0.056     1.1       0.25      0.83    
   0         2.1       8.2e-05   1         6e-06    -0.079     6e-06     0.79    
  -4.7e-05   0.17      0         0.094     2.2e-05   0.013     1.7e-05   0.075     0.03    
  -0.83      0        -0.17     -0.02      0.45      0.096     0.36     -1.2e-06   7.6e-06   0.21    
  -0.061     0        -0.17     -0.02      0.044     0.0071    0.037    -1.2e-06   1e-06     0.036     0.029   
   0         0.061     1.8e-05   0.038     2.8e-07   0.002     2.8e-07   0.031     0.0064   -9.9e-07  -9.9e-07   0.011   
  -2.1       0         0.48     -0.056     1.1      -0.25                                                                  0.83    
   0         2.1       8.2e-05   1         6e-06    -0.079                                                                 6e-06     0.79    
  -4.7e-05   0.17      0         0.094     2.2e-05   0.013                                                                 1.7e-05   0.075     0.03    
  -0.83      0        -0.17      0.02      0.45     -0.096                                                                 0.36     -1.2e-06   7.6e-06   0.21    
  -0.061     0        -0.17      0.02      0.044    -0.0071                                                                0.037    -1.2e-06   1e-06     0.036     0.029   
   0         0.061     1.8e-05   0.038     2.8e-07   0.002                                                                 2.8e-07   0.031     0.0064   -9.9e-07  -9.9e-07   0.011   

QLD
     0:  13      
     0: -2.2e-05    1:  11      
     0:  0.21       1: -1.7e-05    2:  18      
     0: -5.2e-05    1: -0.55       2: -5.7e-05    3:  0.52    
     0:  0.16       1:  8.4e-05    2: -0.39       3:  8e-06      4:  0.37    
     0: -0.0002     1: -3.3        2: -3.3e-05    3: -0.26       4:  2.4e-05    5:  0.22    
     0: -3.4        1: -7.9e-05    2:  3.5        3:  0.41       4:  1.4        5:  0.4        6:  0.17    
     0:  6.1e-05    1:  2.9        2:  8.4e-05    3:  1.3        4: -1.1e-05    5: -0.19       6: -4.2e-06    7:  0.57    
     0: -0.00058    1:  5.1        2: -9.9e-05    3:  2.8        4:  0.00018    5:  0.44       6:  0.00011    7:  2.2        8:  0.026   
     0: -4.5        1: -8.7e-06    2:  0.27       3:  0.032      4:  2.4        5:  0.53       6:  1.9        7: -2.5e-06    8:  3.8e-05    9:  0.16    
     0: -2.1        1:  0.00019    2: -5.9        3: -0.68       4:  1.5        5:  0.25       6:  1.3        7:  5.5e-05    8:  5.4e-05    9:  1.3       10:  0.029   
     0:  0          1:  5.4        2:  0.0016     3:  3.4        4:  2.5e-05    5:  0.18       6:  2.5e-05    7:  2.8        8:  0.56       9: -8.8e-05   10: -8.8e-05   11:  0.011   
     0: -3.4        1: -7.9e-05    2:  3.5        3: -0.41       4:  1.4        5: -0.4       12:  0.17    
     0:  6.1e-05    1:  2.9        2:  8.4e-05    3:  1.3        4: -1.1e-05    5: -0.19      12: -4.2e-06   13:  0.57    
     0: -0.00058    1:  5.1        2: -9.9e-05    3:  2.8        4:  0.00018    5:  0.44      12:  0.00011   13:  2.2       14:  0.026   
     0: -4.5        1: -8.7e-06    2:  0.27       3: -0.032      4:  2.4        5: -0.53      12:  1.9       13: -2.5e-06   14:  3.8e-05   15:  0.16    
     0: -2.1        1:  0.00019    2: -5.9        3:  0.68       4:  1.5        5: -0.25      12:  1.3       13:  5.5e-05   14:  5.4e-05   15:  1.3       16:  0.029   
     0:  0          1:  5.4        2:  0.0016     3:  3.4        4:  2.5e-05    5:  0.18      12:  2.5e-05   13:  2.8       14:  0.56      15: -8.8e-05   16: -8.8e-05   17:  0.011   

QLDIAGINV
   0.079   
   0.095   
   0.055   
   1.9     
   2.7     
   4.7     
   5.8     
   1.8     
   38      
   6.1     
   35      
   89      
   5.8     
   1.8     
   38      
   6.1     
   35      
   89      

B: body-dof matrix
--------------------
 xxxxxxxxxxxxxxxxxx |
 xxxxxxxxxxxxxxxxxx |
 xxxxxxxxxxxx       |
 xxxxxxxxxxxx       |
 xxxxxxxxxxxx       |
 xxxxxxxxxxxx       |
 xxxxxxxxxxxx       |
 xxxxxxxxxxxx       |
 xxxxxx      xxxxxx |
 xxxxxx      xxxxxx |
 xxxxxx      xxxxxx |
 xxxxxx      xxxxxx |
 xxxxxx      xxxxxx |
 xxxxxx      xxxxxx |
--------------------

B_rownnz              18 18 12 12 12 12 12 12 12 12 12 12 12 12

B_rowadr              0 18 36 48 60 72 84 96 108 120 132 144 156 168

B_colind              0 1 2 3 4 5 6 7 8 9 10 11 12 13 14 15 16 17 0 1 2 3 4 5 6 7 8 9 10 11 12 13 14 15 16 17 0 1 2 3 4 5 6 7 8 9 10 11 0 1 2 3 4 5 6 7 8 9 10 11 0 1 2 3 4 5 6 7 8 9 10 11 0 1 2 3 4 5 6 7 8 9 10 11 0 1 2 3 4 5 6 7 8 9 10 11 0 1 2 3 4 5 6 7 8 9 10 11 0 1 2 3 4 5 12 13 14 15 16 17 0 1 2 3 4 5 12 13 14 15 16 17 0 1 2 3 4 5 12 13 14 15 16 17 0 1 2 3 4 5 12 13 14 15 16 17 0 1 2 3 4 5 12 13 14 15 16 17 0 1 2 3 4 5 12 13 14 15 16 17

C: reduced dof-dof matrix
--------------------
 x                  |
 xx                 |
 xxx                |
 xxxx               |
 xxxxx              |
 xxxxxx             |
 xxxxxxx            |
 xxxxxxxx           |
 xxxxxxxxx          |
 xxxxxxxxxx         |
 xxxxxxxxxxx        |
 xxxxxxxxxxxx       |
 xxxxxx      x      |
 xxxxxx      xx     |
 xxxxxx      xxx    |
 xxxxxx      xxxx   |
 xxxxxx      xxxxx  |
 xxxxxx      xxxxxx |
--------------------

C_rownnz              1 2 3 4 5 6 7 8 9 10 11 12 7 8 9 10 11 12

C_rowadr              0 1 3 6 10 15 21 28 36 45 55 66 78 85 93 102 112 123

C_colind              0 0 1 0 1 2 0 1 2 3 0 1 2 3 4 0 1 2 3 4 5 0 1 2 3 4 5 6 0 1 2 3 4 5 6 7 0 1 2 3 4 5 6 7 8 0 1 2 3 4 5 6 7 8 9 0 1 2 3 4 5 6 7 8 9 10 0 1 2 3 4 5 6 7 8 9 10 11 0 1 2 3 4 5 12 0 1 2 3 4 5 12 13 0 1 2 3 4 5 12 13 14 0 1 2 3 4 5 12 13 14 15 0 1 2 3 4 5 12 13 14 15 16 0 1 2 3 4 5 12 13 14 15 16 17

mapM2C                0 2 1 5 4 3 9 8 7 6 14 13 12 11 10 20 19 18 17 16 15 27 26 25 24 23 22 21 35 34 33 32 31 30 29 28 44 43 42 41 40 39 38 37 36 54 53 52 51 50 49 48 47 46 45 65 64 63 62 61 60 59 58 57 56 55 77 76 75 74 73 72 71 70 69 68 67 66 84 83 82 81 80 79 78 92 91 90 89 88 87 86 85 101 100 99 98 97 96 95 94 93 111 110 109 108 107 106 105 104 103 102 122 121 120 119 118 117 116 115 114 113 112 134 133 132 131 130 129 128 127 126 125 124 123

D: dof-dof matrix
--------------------
 Dxxxxxxxxxxxxxxxxx |
 xDxxxxxxxxxxxxxxxx |
 xxDxxxxxxxxxxxxxxx |
 xxxDxxxxxxxxxxxxxx |
 xxxxDxxxxxxxxxxxxx |
 xxxxxDxxxxxxxxxxxx |
 xxxxxxDxxxxx       |
 xxxxxxxDxxxx       |
 xxxxxxxxDxxx       |
 xxxxxxxxxDxx       |
 xxxxxxxxxxDx       |
 xxxxxxxxxxxD       |
 xxxxxx      Dxxxxx |
 xxxxxx      xDxxxx |
 xxxxxx      xxDxxx |
 xxxxxx      xxxDxx |
 xxxxxx      xxxxDx |
 xxxxxx      xxxxxD |
--------------------

D_rownnz              18 18 18 18 18 18 12 12 12 12 12 12 12 12 12 12 12 12

D_rowadr              0 18 36 54 72 90 108 120 132 144 156 168 180 192 204 216 228 240

D_colind              0 1 2 3 4 5 6 7 8 9 10 11 12 13 14 15 16 17 0 1 2 3 4 5 6 7 8 9 10 11 12 13 14 15 16 17 0 1 2 3 4 5 6 7 8 9 10 11 12 13 14 15 16 17 0 1 2 3 4 5 6 7 8 9 10 11 12 13 14 15 16 17 0 1 2 3 4 5 6 7 8 9 10 11 12 13 14 15 16 17 0 1 2 3 4 5 6 7 8 9 10 11 12 13 14 15 16 17 0 1 2 3 4 5 6 7 8 9 10 11 0 1 2 3 4 5 6 7 8 9 10 11 0 1 2 3 4 5 6 7 8 9 10 11 0 1 2 3 4 5 6 7 8 9 10 11 0 1 2 3 4 5 6 7 8 9 10 11 0 1 2 3 4 5 6 7 8 9 10 11 0 1 2 3 4 5 12 13 14 15 16 17 0 1 2 3 4 5 12 13 14 15 16 17 0 1 2 3 4 5 12 13 14 15 16 17 0 1 2 3 4 5 12 13 14 15 16 17 0 1 2 3 4 5 12 13 14 15 16 17 0 1 2 3 4 5 12 13 14 15 16 17

mapM2D                0 2 5 9 14 20 27 35 44 54 65 77 84 92 101 111 122 134 2 1 4 8 13 19 26 34 43 53 64 76 83 91 100 110 121 133 5 4 3 7 12 18 25 33 42 52 63 75 82 90 99 109 120 132 9 8 7 6 11 17 24 32 41 51 62 74 81 89 98 108 119 131 14 13 12 11 10 16 23 31 40 50 61 73 80 88 97 107 118 130 20 19 18 17 16 15 22 30 39 49 60 72 79 87 96 106 117 129 27 26 25 24 23 22 21 29 38 48 59 71 35 34 33 32 31 30 29 28 37 47 58 70 44 43 42 41 40 39 38 37 36 46 57 69 54 53 52 51 50 49 48 47 46 45 56 68 65 64 63 62 61 60 59 58 57 56 55 67 77 76 75 74 73 72 71 70 69 68 67 66 84 83 82 81 80 79 78 86 95 105 116 128 92 91 90 89 88 87 86 85 94 104 115 127 101 100 99 98 97 96 95 94 93 103 114 126 111 110 109 108 107 106 105 104 103 102 113 125 122 121 120 119 118 117 116 115 114 113 112 124 134 133 132 131 130 129 128 127 126 125 124 123

mapD2M                0 19 18 38 37 36 57 56 55 54 76 75 74 73 72 95 94 93 92 91 90 114 113 112 111 110 109 108 127 126 125 124 123 122 121 120 140 139 138 137 136 135 134 133 132 153 152 151 150 149 148 147 146 145 144 166 165 164 163 162 161 160 159 158 157 156 179 178 177 176 175 174 173 172 171 170 169 168 186 185 184 183 182 181 180 199 198 197 196 195 194 193 192 212 211 210 209 208 207 206 205 204 225 224 223 222 221 220 219 218 217 216 238 237 236 235 234 233 232 231 230 229 228 251 250 249 248 247 246 245 244 243 242 241 240

QDERIV
     0:  0          1:  0          2:  0          3:  0          4:  0          5:  0          6:  0          7:  0          8:  0          9:  0         10:  0         11:  0         12:  0         13:  0         14:  0         15:  0         16:  0         17:  0       
     0:  0          1:  0          2:  0          3:  0          4:  0          5:  0          6:  0          7:  0          8:  0          9:  0         10:  0         11:  0         12:  0         13:  0         14:  0         15:  0         16:  0         17:  0       
     0:  0          1:  0          2:  0          3:  0          4:  0          5:  0          6:  0          7:  0          8:  0          9:  0         10:  0         11:  0         12:  0         13:  0         14:  0         15:  0         16:  0         17:  0       
     0:  0          1:  0          2:  0          3:  0          4:  0          5:  0          6:  0          7:  0          8:  0          9:  0         10:  0         11:  0         12:  0         13:  0         14:  0         15:  0         16:  0         17:  0       
     0:  0          1:  0          2:  0          3:  0          4:  0          5:  0          6:  0          7:  0          8:  0          9:  0         10:  0         11:  0         12:  0         13:  0         14:  0         15:  0         16:  0         17:  0       
     0:  0          1:  0          2:  0          3:  0          4:  0          5:  0          6:  0          7:  0          8:  0          9:  0         10:  0         11:  0         12:  0         13:  0         14:  0         15:  0         16:  0         17:  0       
     0:  0          1:  0          2:  0          3:  0          4:  0          5:  0          6:  0          7:  0          8:  0          9:  0         10:  0         11:  0       
     0:  0          1:  0          2:  0          3:  0          4:  0          5:  0          6:  0          7:  0          8:  0          9:  0         10:  0         11:  0       
     0:  0          1:  0          2:  0          3:  0          4:  0          5:  0          6:  0          7:  0          8:  0          9:  0         10:  0         11:  0       
     0:  0          1:  0          2:  0          3:  0          4:  0          5:  0          6:  0          7:  0          8:  0          9:  0         10:  0         11:  0       
     0:  0          1:  0          2:  0          3:  0          4:  0          5:  0          6:  0          7:  0          8:  0          9:  0         10:  0         11:  0       
     0:  0          1:  0          2:  0          3:  0          4:  0          5:  0          6:  0          7:  0          8:  0          9:  0         10:  0         11:  0       
     0:  0          1:  0          2:  0          3:  0          4:  0          5:  0         12:  0         13:  0         14:  0         15:  0         16:  0         17:  0       
     0:  0          1:  0          2:  0          3:  0          4:  0          5:  0         12:  0         13:  0         14:  0         15:  0         16:  0         17:  0       
     0:  0          1:  0          2:  0          3:  0          4:  0          5:  0         12:  0         13:  0         14:  0         15:  0         16:  0         17:  0       
     0:  0          1:  0          2:  0          3:  0          4:  0          5:  0         12:  0         13:  0         14:  0         15:  0         16:  0         17:  0       
     0:  0          1:  0          2:  0          3:  0          4:  0          5:  0         12:  0         13:  0         14:  0         15:  0         16:  0         17:  0       
     0:  0          1:  0          2:  0          3:  0          4:  0          5:  0         12:  0         13:  0         14:  0         15:  0         16:  0         17:  0       

QLU
     0:  0          1:  0          2:  0          3:  0          4:  0          5:  0          6:  0          7:  0          8:  0          9:  0         10:  0         11:  0         12:  0         13:  0         14:  0         15:  0         16:  0         17:  0       
     0:  0          1:  0          2:  0          3:  0          4:  0          5:  0          6:  0          7:  0          8:  0          9:  0         10:  0         11:  0         12:  0         13:  0         14:  0         15:  0         16:  0         17:  0       
     0:  0          1:  0          2:  0          3:  0          4:  0          5:  0          6:  0          7:  0          8:  0          9:  0         10:  0         11:  0         12:  0         13:  0         14:  0         15:  0         16:  0         17:  0       
     0:  0          1:  0          2:  0          3:  0          4:  0          5:  0          6:  0          7:  0          8:  0          9:  0         10:  0         11:  0         12:  0         13:  0         14:  0         15:  0         16:  0         17:  0       
     0:  0          1:  0          2:  0          3:  0          4:  0          5:  0          6:  0          7:  0          8:  0          9:  0         10:  0         11:  0         12:  0         13:  0         14:  0         15:  0         16:  0         17:  0       
     0:  0          1:  0          2:  0          3:  0          4:  0          5:  0          6:  0          7:  0          8:  0          9:  0         10:  0         11:  0         12:  0         13:  0         14:  0         15:  0         16:  0         17:  0       
     0:  0          1:  0          2:  0          3:  0          4:  0          5:  0          6:  0          7:  0          8:  0          9:  0         10:  0         11:  0       
     0:  0          1:  0          2:  0          3:  0          4:  0          5:  0          6:  0          7:  0          8:  0          9:  0         10:  0         11:  0       
     0:  0          1:  0          2:  0          3:  0          4:  0          5:  0          6:  0          7:  0          8:  0          9:  0         10:  0         11:  0       
     0:  0          1:  0          2:  0          3:  0          4:  0          5:  0          6:  0          7:  0          8:  0          9:  0         10:  0         11:  0       
     0:  0          1:  0          2:  0          3:  0          4:  0          5:  0          6:  0          7:  0          8:  0          9:  0         10:  0         11:  0       
     0:  0          1:  0          2:  0          3:  0          4:  0          5:  0          6:  0          7:  0          8:  0          9:  0         10:  0         11:  0       
     0:  0          1:  0          2:  0          3:  0          4:  0          5:  0         12:  0         13:  0         14:  0         15:  0         16:  0         17:  0       
     0:  0          1:  0          2:  0          3:  0          4:  0          5:  0         12:  0         13:  0         14:  0         15:  0         16:  0         17:  0       
     0:  0          1:  0          2:  0          3:  0          4:  0          5:  0         12:  0         13:  0         14:  0         15:  0         16:  0         17:  0       
     0:  0          1:  0          2:  0          3:  0          4:  0          5:  0         12:  0         13:  0         14:  0         15:  0         16:  0         17:  0       
     0:  0          1:  0          2:  0          3:  0          4:  0          5:  0         12:  0         13:  0         14:  0         15:  0         16:  0         17:  0       
     0:  0          1:  0          2:  0          3:  0          4:  0          5:  0         12:  0         13:  0         14:  0         15:  0         16:  0         17:  0       

CONTACT
EFC_TYPE
  1
  1
  1
  1
  1
  1
  1
  1
  1
  1
  1
  1

EFC_ID
  6
  7
  8
  9
  10
  11
  12
  13
  14
  15
  16
  17

EFC_J
   0         0         0         0         0         0         1         0         0         0         0         0         0         0         0         0         0         0       
   0         0         0         0         0         0         0         1         0         0         0         0         0         0         0         0         0         0       
   0         0         0         0         0         0         0         0         1         0         0         0         0         0         0         0         0         0       
   0         0         0         0         0         0         0         0         0         1         0         0         0         0         0         0         0         0       
   0         0         0         0         0         0         0         0         0         0         1         0         0         0         0         0         0         0       
   0         0         0         0         0         0         0         0         0         0         0         1         0         0         0         0         0         0       
   0         0         0         0         0         0         0         0         0         0         0         0         1         0         0         0         0         0       
   0         0         0         0         0         0         0         0         0         0         0         0         0         1         0         0         0         0       
   0         0         0         0         0         0         0         0         0         0         0         0         0         0         1         0         0         0       
   0         0         0         0         0         0         0         0         0         0         0         0         0         0         0         1         0         0       
   0         0         0         0         0         0         0         0         0         0         0         0         0         0         0         0         1         0       
   0         0         0         0         0         0         0         0         0         0         0         0         0         0         0         0         0         1       

EFC_POS
   0       
   0       
   0       
   0       
   0       
   0       
   0       
   0       
   0       
   0       
   0       
   0       

EFC_MARGIN
   0       
   0       
   0       
   0       
   0       
   0       
   0       
   0       
   0       
   0       
   0       
   0       

EFC_FRICTIONLOSS
   0.1     
   0.1     
   0.1     
   0.1     
   0.1     
   0.1     
   0.1     
   0.1     
   0.1     
   0.1     
   0.1     
   0.1     

EFC_DIAGAPPROX
   15      
   5.8     
   51      
   32      
   53      
   1.1e+02 
   15      
   5.8     
   51      
   32      
   53      
   1.1e+02 

EFC_KBIP
   0         1.1e+02   0.9       0       
   0         1.1e+02   0.9       0       
   0         1.1e+02   0.9       0       
   0         1.1e+02   0.9       0       
   0         1.1e+02   0.9       0       
   0         1.1e+02   0.9       0       
   0         1.1e+02   0.9       0       
   0         1.1e+02   0.9       0       
   0         1.1e+02   0.9       0       
   0         1.1e+02   0.9       0       
   0         1.1e+02   0.9       0       
   0         1.1e+02   0.9       0       

EFC_D
   0.61    
   1.5     
   0.18    
   0.28    
   0.17    
   0.085   
   0.61    
   1.5     
   0.18    
   0.28    
   0.17    
   0.085   

EFC_R
   1.6     
   0.65    
   5.7     
   3.6     
   5.8     
   12      
   1.6     
   0.65    
   5.7     
   3.6     
   5.8     
   12      

ACTUATOR_VELOCITY
   0       
   0       
   0       
   0       
   0       
   0       
   0       
   0       
   0       
   0       
   0       
   0       
   0       
   0       
   0       
   0       
   0       
   0       
   0       
   0       
   0       
   0       
   0       
   0       

CVEL
   0         0         0         0         0         0       
   0         0         0         0         0         0       
   0         0         0         0         0         0       
   0         0         0         0         0         0       
   0         0         0         0         0         0       
   0         0         0         0         0         0       
   0         0         0         0         0         0       
   0         0         0         0         0         0       
   0         0         0         0         0         0       
   0         0         0         0         0         0       
   0         0         0         0         0         0       
   0         0         0         0         0         0       
   0         0         0         0         0         0       
   0         0         0         0         0         0       

CDOF_DOT
   0         0         0         0         0         0       
   0         0         0         0         0         0       
   0         0         0         0         0         0       
   0         0         0         0         0         0       
   0         0         0         0         0         0       
   0         0         0         0         0         0       
   0         0         0         0         0         0       
   0         0         0         0         0         0       
   0         0         0         0         0         0       
   0         0         0         0         0         0       
   0         0         0         0         0         0       
   0         0         0         0         0         0       
   0         0         0         0         0         0       
   0         0         0         0         0         0       
   0         0         0         0         0         0       
   0         0         0         0         0         0       
   0         0         0         0         0         0       
   0         0         0         0         0         0       

QFRC_BIAS
   0       
   0       
   2.4e+02 
   0.0016  
   12      
   0       
   4.7     
   0.0008  
   0       
  -1.6     
  -1.6     
   0.00017 
   4.7     
   0.0008  
   0       
  -1.6     
  -1.6     
   0.00017 

QFRC_SPRING
   0       
   0       
   0       
   0       
   0       
   0       
   0       
   0       
   0       
   0       
   0       
   0       
   0       
   0       
   0       
   0       
   0       
   0       

QFRC_DAMPER
   0       
   0       
   0       
   0       
   0       
   0       
  -0       
  -0       
  -0       
  -0       
  -0       
  -0       
  -0       
  -0       
  -0       
  -0       
  -0       
  -0       

QFRC_GRAVCOMP
   0       
   0       
   0       
   0       
   0       
   0       
   0       
   0       
   0       
   0       
   0       
   0       
   0       
   0       
   0       
   0       
   0       
   0       

QFRC_FLUID
   0       
   0       
   0       
   0       
   0       
   0       
   0       
   0       
   0       
   0       
   0       
   0       
   0       
   0       
   0       
   0       
   0       
   0       

QFRC_PASSIVE
   0       
   0       
   0       
   0       
   0       
   0       
   0       
   0       
   0       
   0       
   0       
   0       
   0       
   0       
   0       
   0       
   0       
   0       

EFC_VEL
   0       
   0       
   0       
   0       
   0       
   0       
   0       
   0       
   0       
   0       
   0       
   0       

EFC_AREF
  -0       
  -0       
  -0       
  -0       
  -0       
  -0       
  -0       
  -0       
  -0       
  -0       
  -0       
  -0       

SUBTREE_LINVEL
   0         0         0       
   0         0         0       
   0         0         0       
   0         0         0       
   0         0         0       
   0         0         0       
   0         0         0       
   0         0         0       
   0         0         0       
   0         0         0       
   0         0         0       
   0         0         0       
   0         0         0       
   0         0         0       

SUBTREE_ANGMOM
   0         0         0       
   0         0         0       
   0         0         0       
   0         0         0       
   0         0         0       
   0         0         0       
   0         0         0       
   0         0         0       
   0         0         0       
   0         0         0       
   0         0         0       
   0         0         0       
   0         0         0       
   0         0         0       

ACTUATOR_FORCE
   0       
   0       
   0       
   0       
   0       
   0       
   0       
   0       
   0       
   0       
   0       
   0       
   0       
   0       
   0       
   0       
   0       
   0       
   0       
   0       
   0       
   0       
   0       
   0       

QFRC_ACTUATOR
   0       
   0       
   0       
   0       
   0       
   0       
   0       
   0       
   0       
   0       
   0       
   0       
   0       
   0       
   0       
   0       
   0       
   0       

QFRC_SMOOTH
   0       
   0       
  -2.4e+02 
  -0.0016  
  -12      
   0       
  -4.7     
  -0.0008  
   0       
   1.6     
   1.6     
  -0.00017 
  -4.7     
  -0.0008  
   0       
   1.6     
   1.6     
  -0.00017 

QACC_SMOOTH
  -5.6e-16 
  -4.5e-17 
  -9.8     
  -3.1e-15 
  -1e-14   
  -2.3e-15 
   7.1e-15 
   3.2e-15 
   6.9e-16 
   9.3e-15 
   1.4e-14 
   1.1e-14 
   7.1e-15 
   3.3e-15 
   1.5e-15 
   6.7e-15 
   2.1e-14 
   5.8e-15 

EFC_B
   7.1e-15 
   3.2e-15 
   6.9e-16 
   9.3e-15 
   1.4e-14 
   1.1e-14 
   7.1e-15 
   3.3e-15 
   1.5e-15 
   6.7e-15 
   2.1e-14 
   5.8e-15 

EFC_FORCE
   3.1e-16 
  -3.3e-16 
  -3.3e-17 
  -3.4e-16 
  -2.1e-16 
  -1.1e-16 
  -1.9e-16 
  -3.4e-16 
  -3.5e-17 
  -3.5e-16 
  -1.9e-16 
  -6.5e-17 

EFC_STATE
  1
  1
  1
  1
  1
  1
  1
  1
  1
  1
  1
  1

QFRC_CONSTRAINT
   0       
   0       
   0       
   0       
   0       
   0       
   3.1e-16 
  -3.3e-16 
  -3.3e-17 
  -3.4e-16 
  -2.1e-16 
  -1.1e-16 
  -1.9e-16 
  -3.4e-16 
  -3.5e-17 
  -3.5e-16 
  -1.9e-16 
  -6.5e-17 

QFRC_INVERSE
   0       
   0       
   0       
   0       
   0       
   0       
   0       
   0       
   0       
   0       
   0       
   0       
   0       
   0       
   0       
   0       
   0       
   0       

CACC
   0         0         0        -0        -0         9.8     
  -1.2e-15  -7.9e-16   6.4e-16   7.3e-17  -4.5e-17   0       
  -1.2e-15  -1.3e-15   6.4e-16   1.3e-16  -4.5e-17  -2.5e-17 
  -9.8e-16  -1.3e-15   6.4e-16   1.3e-16  -2.2e-17  -4.9e-17 
  -9.8e-16  -1.3e-15   8.3e-16   1.5e-16  -1.8e-17  -4.9e-17 
  -9.8e-16  -5.4e-17   8.3e-16   2.7e-16  -1.8e-17  -7.7e-17 
  -9.8e-16   1.2e-15   8.3e-16   6.5e-16  -1.8e-17  -1.1e-16 
   3e-16     1.2e-15   8.3e-16   6.5e-16  -4.1e-16  -2.5e-16 
  -1.2e-15  -4.9e-16   6.4e-16   4e-17    -4.5e-17   1.5e-17 
  -9.7e-16  -4.9e-16   6.4e-16   4e-17    -2.1e-17   4.1e-17 
  -9.7e-16  -4.9e-16   8.4e-16   1.7e-17  -1.7e-17   4.1e-17 
  -9.7e-16   7.6e-16   8.4e-16   1.4e-16  -1.7e-17   1.3e-17 
  -9.7e-16   1.9e-15   8.4e-16   4.8e-16  -1.7e-17  -1.2e-17 
  -2.1e-16   1.9e-15   8.4e-16   4.8e-16  -2.5e-16   7.6e-17 

CFRC_INT
  -2.2e-15  -7.8e-16   9.5e-25   8.3e-24   2.6e-27  -9.1e-16 
  -2.2e-15  -7.8e-16   9.5e-25   8.3e-24   2.6e-27  -9.1e-16 
  -6.3e-16  -2.5e-16  -8.5e-17   7.9e-16  -1.2e-15  -2e-15   
  -5.8e-16  -2.4e-16  -1.1e-16   9.5e-16  -1.3e-15  -1.8e-15 
  -5.3e-16  -2.1e-16  -1.2e-16   9.7e-16  -1.3e-15  -1.3e-15 
  -4.6e-16  -1.7e-16  -9.1e-17   6.8e-16  -1.1e-15  -9.7e-16 
  -4.2e-16  -1.5e-16  -8.3e-17   5.8e-16  -9.8e-16  -8.6e-16 
  -1.9e-16  -4e-17    -4.7e-17   2.2e-16  -3.9e-16  -4.6e-16 
  -5.4e-16   5.1e-17   6.7e-17   5.4e-16  -1.2e-15   1.1e-15 
  -4.8e-16   5e-17     4.5e-17   4.2e-16  -1.4e-15   7.8e-16 
  -4.4e-16   3.2e-17   2.1e-17   2.4e-16  -1.4e-15   5.2e-16 
  -3.9e-16   5e-17    -1.9e-17  -5e-17    -1.1e-15   2.5e-16 
  -3.4e-16   5.4e-17  -3e-17    -9.9e-17  -1e-15     1.7e-16 
  -1.4e-16   4.9e-17  -3.6e-17  -1.1e-16  -4.1e-16  -3.2e-17 

CFRC_EXT
   0         0         0         0         0         0       
   0         0         0         0         0         0       
   0         0         0         0         0         0       
   0         0         0         0         0         0       
   0         0         0         0         0         0       
   0         0         0         0         0         0       
   0         0         0         0         0         0       
   0         0         0         0         0         0       
   0         0         0         0         0         0       
   0         0         0         0         0         0       
   0         0         0         0         0         0       
   0         0         0         0         0         0       
   0         0         0         0         0         0       
   0         0         0         0         0         0       

